<?xml version="1.0"?>
<opencv_storage>
<calibration_Time>"Mon 02 Jun 2014 03:20:22 PM CEST"</calibration_Time>
<Camera_Input>1</Camera_Input>
<nrOfFrames>25</nrOfFrames>
<image_Width>640</image_Width>
<image_Height>480</image_Height>
<board_Width>8</board_Width>
<board_Height>5</board_Height>
<square_Size>26.</square_Size>
<FixAspectRatio>1.</FixAspectRatio>
<flagValue>14</flagValue>
<Camera_Matrix type_id="opencv-matrix">
  <rows>3</rows>
  <cols>3</cols>
  <dt>d</dt>
  <data>
    6.6984484533908892e+02 0. 3.1950000000000000e+02 0.
    6.6984484533908892e+02 2.3950000000000000e+02 0. 0. 1.</data></Camera_Matrix>
<Distortion_Coefficients type_id="opencv-matrix">
  <rows>5</rows>
  <cols>1</cols>
  <dt>d</dt>
  <data>
    -1.2690064077046521e-02 -1.7842884078800175e-01 0. 0.
    -2.0247488907548514e-01</data></Distortion_Coefficients>
<Avg_Reprojection_Error>1.7364272853315457e-01</Avg_Reprojection_Error>
<Per_View_Reprojection_Errors type_id="opencv-matrix">
  <rows>25</rows>
  <cols>1</cols>
  <dt>f</dt>
  <data>
    1.41368389e-01 1.35085195e-01 2.24089772e-01 1.78621292e-01
    1.55071452e-01 1.62966073e-01 1.67470634e-01 2.15813398e-01
    1.54361472e-01 1.38385132e-01 1.47545129e-01 1.68316424e-01
    1.90259531e-01 1.90381438e-01 1.80186644e-01 1.87019140e-01
    1.75629944e-01 1.73479050e-01 1.79736435e-01 1.84593037e-01
    1.81576952e-01 1.56080157e-01 1.78953603e-01 1.65290013e-01
    1.76779777e-01</data></Per_View_Reprojection_Errors>
<Extrinsic_Parameters type_id="opencv-matrix">
  <rows>25</rows>
  <cols>6</cols>
  <dt>d</dt>
  <data>
    6.5426979867300866e-02 2.1272815282702212e-01
    -1.6739176978464607e+00 4.6837960415713127e+01
    1.2954015281068041e+02 4.9987755354575529e+02 6.1790385122497501e-02
    2.1702769694229473e-01 -1.6897665598491107e+00
    4.5593177561966350e+01 1.2754313829408876e+02 4.9772647454084199e+02
    5.6059555462952361e-02 1.9105965698795332e-01
    -1.7050997204837115e+00 4.2543719307033363e+01
    1.2486144840169268e+02 5.0299330229679981e+02 8.1179841485100795e-02
    1.7945487744056787e-01 -1.6942806368666175e+00
    3.7354417196303331e+01 1.1444980063903256e+02 5.0886195427257354e+02
    8.8705618288071705e-02 1.9046611071806105e-01
    -1.6870543095353177e+00 3.5610751842854761e+01
    1.0690507321609802e+02 5.1219031322632520e+02 9.5909689740625984e-02
    1.8801807337043519e-01 -1.6778651572416921e+00
    3.4622500411250620e+01 1.0455681179651181e+02 5.1324129865056602e+02
    9.4520055736925526e-02 1.9649496885151871e-01
    -1.6651539902372199e+00 3.2193925303226500e+01
    1.0291998981225053e+02 5.1634881007938077e+02 8.6758556587403626e-02
    2.1952447149627660e-01 -1.6662179237849819e+00
    1.5719729537837255e+01 1.0300978368266023e+02 5.2403126301421355e+02
    8.5846684918162774e-02 2.1307110231940532e-01
    -1.6590467349351865e+00 4.2368017003521397e+00
    1.0326919536059481e+02 5.3000075007502028e+02 1.0084922145130146e-01
    2.2033089141885320e-01 -1.6703875502522851e+00
    -2.6421644971260965e+00 1.0536467048719234e+02
    5.3536711768635166e+02 9.5530015134358770e-02 2.2296502950914357e-01
    -1.6701934575331434e+00 -5.5416546852414923e+00
    1.0737219192596294e+02 5.3918970116959770e+02 8.5450667123276536e-02
    2.2838168036462431e-01 -1.6700218271689911e+00
    -1.6027261810816842e+01 1.0905189331744330e+02
    5.3961148762112202e+02 9.2927463778645122e-02 2.4448672967624915e-01
    -1.6716181164914594e+00 -2.9576685382260958e+01
    1.1027723170935988e+02 5.4005085426565518e+02 8.8589152834214230e-02
    2.4333716661668672e-01 -1.6748465202121512e+00
    -3.7223496499387508e+01 1.1094529345305295e+02
    5.4025191587519816e+02 8.8395340975943537e-02 2.3781629300556231e-01
    -1.6764775573575712e+00 -4.3987582791230025e+01
    1.1142476936140640e+02 5.4128618616758934e+02 8.8062196794685244e-02
    2.3986130830914942e-01 -1.6756048995127464e+00
    -5.0500283045271161e+01 1.1152971428354233e+02
    5.4236141540166636e+02 9.0628663949719912e-02 2.4648237749426410e-01
    -1.6761577648554971e+00 -5.9012261154057342e+01
    1.1058981583892145e+02 5.4436054547043432e+02 8.7726764864114334e-02
    2.4979444055279856e-01 -1.6809367439803837e+00
    -6.5149490223501459e+01 1.1207802122464847e+02
    5.4586494641093111e+02 8.7066753429068278e-02 2.5411638014274707e-01
    -1.6817202865879304e+00 -7.2485328495741427e+01
    1.1259720850620270e+02 5.4749904710191527e+02 8.1934556960386443e-02
    2.5522948020957731e-01 -1.6819199531144666e+00
    -7.8708764448615128e+01 1.1387765097189974e+02
    5.4864752279892093e+02 8.3413161534378027e-02 2.5503453149270933e-01
    -1.6885374727318796e+00 -8.1997513368058947e+01
    1.1529040349839539e+02 5.5130041994653391e+02 7.8962302762459607e-02
    2.5810030159533298e-01 -1.6882477020585207e+00
    -8.4412636601336303e+01 1.1690621876488173e+02
    5.5362126334657387e+02 8.1355920350540831e-02 2.6772073535708119e-01
    -1.6893231740594754e+00 -9.2451292684441839e+01
    1.1777382042032542e+02 5.5564361741844175e+02 7.9609051888990534e-02
    2.6858411213135519e-01 -1.6896269880744892e+00
    -9.7875709277142633e+01 1.1801493504962886e+02
    5.5592988141978958e+02 7.4604468281014760e-02 2.7144474227185755e-01
    -1.6951576723798834e+00 -1.0551330735800443e+02
    1.1974067886569640e+02 5.5715977627112090e+02</data></Extrinsic_Parameters>
